19	1
2
0
 -0.0643209  -0.0864968   -0.109238  -0.0567059    0.105807   -0.095321  -0.0778885  -0.0685862   0.0492472  0.00742839  -0.0526156   -0.113403  -0.0736618    -0.11985 0.000454745    0.017853   0.0602227    0.189294   0.0501037
 -0.0021734   0.0286913   -0.127654   0.0809838   0.0710706   -0.166172    0.178241   -0.083155    0.147075  -0.0597562     0.11043   -0.225189    0.253853  -0.0693513    0.170586   -0.194181    0.178909    0.162081  -0.0679261
   0.760272     1.31009    0.763902    0.762571     1.48329     1.29691     1.31062    0.364466    0.365497     1.51896     1.50874     1.01058     1.00807  -0.0244531  -0.0405743    0.795807    0.850499  -0.0791974  -0.0378582
          1           1           1           1           1           1           1           1           1           1           1           1           1           1           1           1           1           1           1
1
   1.23854    1.22611     1.3028    1.12656    1.11209    1.34771     1.0824    1.30431    1.02789    1.24528    1.10056    1.45297    1.08519    1.33972    1.08033    1.25668   0.989443   0.955898    1.28076
 -0.561653  -0.535723  -0.498737  -0.630495  -0.338117  -0.433599  -0.649776  -0.519802  -0.598521  -0.379446  -0.496514  -0.432919   -0.75872  -0.601473  -0.682828  -0.318901  -0.534753  -0.590174  -0.424582
  0.810118    1.37362   0.798869   0.821417    1.52234    1.36299    1.38395   0.376648   0.411865    1.54732    1.55705    1.09102    1.12964  -0.010516 0.00972196    1.03079    1.03401 -0.0470159 -0.0906402
         1          1          1          1          1          1          1          1          1          1          1          1          1          1          1          1          1          1          1
